60
2 35 200
2 31 200
2 13 100
2 18 100
2 42 50
2 4 20
4 5 100
4 18 200
4 23 100
4 9 100
4 37 50
3 12 150
3 22 500
3 34 20
3 41 20
3 40 50
5 11 10
5 14 100
5 17 50
5 19 200
5 26 10
6 4 80
6 1 100
6 9 70
7 1 200
7 20 300
7 10 100
7 5 50
8 40 20
8 35 200
8 31 200
10 4 20
10 5 100
10 18 200
11 23 100
11 9 100
11 37 50
11 12 150
13 22 500
13 34 20
12 41 20
12 40 50
12 11 10
14 14 100
14 17 50
14 19 200
14 26 10
14 4 80
14 1 100
14 9 70
15 22 100
16 13 200
16 34 100
1 1 1
9 4 100
9 5 50
17 1 50
17 15 100
18 15 100
18 19 200
